"Paste Maternal Lives Saved data from LiST in cell below","","",""
"Additional maternal lives saved by intervention","","",""
"","2019","2020","2021"
"Morocco Model 2019-2021 WITH mitigation_trad_constant_revised_Jan 21","","",""
"Periconceptual","","",""
"Contraceptive use","0","-1","0"
"Folic acid fortification","0","0","0"
"Safe abortion services","0","0","0"
"Post abortion case management","0","0","0"
"Ectopic pregnancy case management","0","0","0"
"Iron fortification","0","0","0"
"Pregnancy","","",""
"TT - Tetanus toxoid vaccination","0","-1","0"
"IPTp - Intermittent preventive treatment of malaria during pregnancy","0","0","0"
"Syphilis detection and treatment","0","0","0"
"Calcium supplementation","0","0","0"
"Micronutrient supplementation (iron and multiple micronutrients)","0","0","0"
"Balanced energy supplementation","0","0","0"
"Hypertensive disorder case management","0","-1","0"
"Diabetes case management","0","0","0"
"Malaria case management","0","0","0"
"MgSO4 management of pre-eclampsia","0","-2","0"
"Fetal growth restriction detection and management","0","0","0"
"Childbirth","","",""
"Clean birth environment","0","-5","1"
"Thermal protection","0","0","0"
"Clean cord care","0","0","0"
"Manual removal of placenta","0","-2","0"
"Parenteral administration of anti-convulsants","0","0","0"
"Antibiotics for preterm or prolonged PROM","0","-2","0"
"Parenteral administration of antibiotics","0","-7","1"
"Assisted vaginal delivery","0","-2","0"
"Parenteral administration of uterotonics","0","-27","4"
"Removal of retained products of conception","0","-2","0"
"Induction of labor for pregnancies lasting 41+ weeks","0","0","0"
"Antenatal corticosteroids for preterm labor","0","0","0"
"Cesarean delivery","0","0","0"
"Blood transfusion","0","0","0"
"Preventive","","",""
"ITN/IRS - Households protected from malaria","0","0","0"
"Curative after birth","","",""
"Maternal sepsis case management","0","0","0"
